Hgh=(5.41-0.515775)/0.009038
HgR=1/(541.5*(1/4-1/16))

Cdh=(6.4+1.340644)/0.012241
CdR=1/(632.4*(1/4-1/9))

Nah=(6.17+0.201464)/0.010345
NaR=1/(615.9*(1/4-1/9))

SiJ=1.12*1.602*(10^(-19))
Sih=(6.626*(10^(-34))*2.998*(10^8))/(1.79424*(10^(-19)))

GaPJ=2.25*1.602*10^(-19)
GaPh=(6.626*(10^(-34))*2.998*(10^8))/(3.6045*(10^(-19)))

Hgh=(5.41+0.209285)/0.010298
HgR=1/(545.7*(1/4-1/16))

y=4.05
x=(y+0.209285)/0.010298

R=1/(440.8*10^(-9)*(1/4-1/36))
msgbox R